position:      23.9518 19.0688 26.9858
orientation:   -0.202479 0.338335 0.0787767 0.915602
field_of_view: 0.785398
