position:      29.2102 20.8619 19.1632
orientation:   -0.422223 -0.328682 -0.840884 -0.0813006
field_of_view: 0.785398
